10 0.000186285918093 1.92444130263e-05 1.82180443318e-05
11 1.30862008575e-05 1.44546924503e-05 1.76193292589e-05
12 1.22308936113e-05 1.47968153485e-05 1.67640220141e-05
13 1.16321785413e-05 1.62508376675e-05 1.83035750567e-05
14 1.27440779593e-05 1.65929605643e-05 1.88167594033e-05
15 1.33427930322e-05 1.71061449123e-05 1.92444130263e-05
16 1.65929605643e-05 1.95865359231e-05 1.95865359245e-05
17 1.36849159304e-05 1.72772063607e-05 1.95865359245e-05
18 1.38559773788e-05 1.77048599838e-05 2.00997202725e-05
19 1.43691617268e-05 1.84746365051e-05 2.13826811404e-05
20 1.35993852055e-05 1.95865359245e-05 2.18958654884e-05
22 1.55665918697e-05 1.96720666494e-05 2.29222341815e-05
24 1.59942454928e-05 2.13826811404e-05 2.46328486739e-05
26 1.62508376661e-05 2.54881559187e-05 2.42907257757e-05
28 1.64218991159e-05 2.19813962119e-05 2.73698318594e-05
30 1.77048599838e-05 2.34354185295e-05 2.90804463518e-05
33 2.26656420082e-05 2.55736866436e-05 3.15608373626e-05
36 1.90733515765e-05 2.58302788183e-05 3.31003904037e-05
39 1.97575973729e-05 2.66000553381e-05 3.8745418226e-05
42 1.95865359245e-05 2.82251391042e-05 3.71203344585e-05
46 2.16392733137e-05 2.97646921467e-05 4.53312840165e-05
50 2.02707817209e-05 3.08765915662e-05 4.25087701075e-05
55 2.41196643259e-05 3.29293289553e-05 5.02920660423e-05
60 2.84817312775e-05 4.02849712685e-05 5.53383787903e-05
66 2.60868709901e-05 3.57518428657e-05 5.23448034315e-05
72 2.88238541771e-05 3.92586025725e-05 5.79043005274e-05
79 3.54952506925e-05 4.02849712685e-05 6.2095306032e-05
86 3.2245083159e-05 4.74695521319e-05 6.65429037085e-05
94 3.47254741726e-05 4.76406135803e-05 8.19384341298e-05
103 3.31003904051e-05 5.02920660423e-05 7.92014509429e-05
113 3.55807814174e-05 5.43975408206e-05 8.53596631117e-05
124 4.54168147414e-05 5.84174848754e-05 9.29718975968e-05
136 4.89235744482e-05 6.28650825519e-05 0.000101439439329
149 5.61936860365e-05 6.86811718225e-05 0.000109821450336
163 5.19171498084e-05 7.39840767451e-05 0.000123934019888
179 5.61936860365e-05 8.03133503624e-05 0.000122565528295
196 6.3720389798e-05 8.84387691954e-05 0.000140954634077
215 5.98715071931e-05 9.35706126697e-05 0.000154981672904
236 7.51815068895e-05 9.91301097656e-05 0.000169778488252
259 7.85172051465e-05 0.000117262623372 0.00018602932592
284 7.63789370325e-05 0.000117861338444 0.000204076308802
312 8.87808920936e-05 0.000137020220747 0.000219985023571
343 0.000101696031503 0.000139757203932 0.000234012062398
377 0.000113926925115 0.000160199047103 0.000250262900065
414 0.000121197036702 0.000162764968839 0.000281481614529
455 0.000115808601055 0.000184660834327 0.000313384574791
500 0.000128467148289 0.000222037760959 0.00040789602543
550 0.000157119941018 0.000242650665579 0.000437147533229
605 0.000181496197517 0.000256421112233 0.000427653622803
665 0.000189193962728 0.000271902173378 0.00043021954454
731 0.000178502622158 0.000282336921775 0.000466227979581
804 0.00019637854359 0.000311160775952 0.000513184347365
884 0.000236235861236 0.000361110719096 0.000577503452234
972 0.000253085413975 0.000433298650626 0.000675179539682
1069 0.000285587089307 0.000439542393518 0.000821009425059
1175 0.000347169210991 0.00047991289551 0.000833582441568
1292 0.000323391669563 0.000487354068547 0.000826825514328
1421 0.000347853456788 0.00054688345284 0.000939298417126
1563 0.000405330103693 0.000637888143774 0.00120863466877
1719 0.000453227309447 0.00070947736023 0.00121077293688
1890 0.0005014666381 0.000789363056971 0.00123420835541
2079 0.000574253284701 0.000792869816678 0.00131631785099
2286 0.000551929765589 0.00084504355866 0.0014601805297
2514 0.000602991608153 0.000946311936539 0.00159523354378
2765 0.000662178869548 0.0010753777999 0.00178733555115
3041 0.000716833002544 0.00113199913956 0.001952580911
3345 0.000837687916348 0.00122223405397 0.00245721218591
3679 0.000877459703268 0.00149302432793 0.00276204368824
4046 0.000972056684633 0.00154536913136 0.00261065430577
4450 0.0010757199228 0.00162927477216 0.00281498720674
4895 0.00118442947372 0.00184130543834 0.00333604038076
5384 0.00128030941595 0.00198790510024 0.00337564110624
5922 0.00139757203932 0.00219959364353 0.00371340193753
6514 0.00153373695282 0.00242051950507 0.00402516142855
7165 0.00178887510419 0.00260116039534 0.00446513147569
7881 0.00186585275629 0.00287135195423 0.00495316979003
8669 0.00206548146742 0.00317165032816 0.00543616179163
9535 0.00226305744115 0.00360922551501 0.00594370111117
10488 0.00247081157111 0.00386983763275 0.00663265109751
11536 0.00279924955342 0.00421426986056 0.00738917035625
12689 0.00306773049782 0.00464260772915 0.00791124989897
13957 0.00330559144282 0.00514552838957 0.00916307758364
15352 0.00392201137473 0.00563185608942 0.00957516461457
16887 0.00401686494827 0.00619858267036 0.0104894025294
18575 0.00437164639375 0.0067263072409 0.0121461326641
20432 0.00486652716606 0.00760436565924 0.0126738572347
22475 0.00530136536972 0.00817023693294 0.0139674239129
24722 0.00589101418484 0.00904495965302 0.0153937342757
27194 0.00638059205223 0.0103668370011 0.0172004853013
29913 0.00708014784841 0.01094040604 0.018814706666
32904 0.00784530571033 0.0121479288094 0.0210217414825
36194 0.00900227982146 0.0133044752669 0.0226576876512
39813 0.0094826203706 0.0146676639549 0.0251543295011
43794 0.010574933254 0.01621465817 0.0273966029762
48173 0.0119956841196 0.0179394707615 0.0308460570977
52990 0.0129762938767 0.0194821884404 0.0349767634404
58289 0.0143839585415 0.021879272527 0.0372220304908
64117 0.0156977960015 0.0245196915249 0.0411384823685
70528 0.017749592553 0.027684841518 0.0461513526043
77580 0.0197717954738 0.0310625353616 0.0520829083525
85338 0.0217051319718 0.0332670897872 0.0580763028147
93871 0.0251374799484 0.0368103711135 0.0619943797761
