10 0.00195865359244 9.66497187527e-05 0.000108624020193
11 0.000113755863666 8.12541883306e-05 9.83603332436e-05
12 7.27011158794e-05 9.23731825253e-05 0.000103492176716
13 7.52670376123e-05 9.15178752798e-05 0.000107768712947
14 7.61223448613e-05 9.06625680344e-05 0.000181325136069
15 8.03988810887e-05 0.000102636869471 0.000118032399897
16 8.21094955796e-05 0.000102636869471 0.000123164243369
17 8.6386031807e-05 0.000178759214332 0.000206984353436
18 0.000152244689719 0.000164218991156 0.000244617872244
19 0.000215537425895 0.000189878208523 0.000159087147683
20 9.15178752798e-05 0.000114611170911 0.000141981002773
22 9.75050259981e-05 0.000115466478157 0.000147112846243
24 0.000102636869475 0.000112045249175 0.000161653069419
26 0.000107768712944 0.00012487485786 0.000191588823014
28 0.000143691617261 0.000134283237561 0.000180469828823
30 0.000118032399893 0.000134283237561 0.000183891057805
33 0.000124019550615 0.000146257538997 0.000205273738946
36 0.00013257262307 0.000155665918701 0.0002138268114
39 0.000188167594036 0.000154810611456 0.000226656420086
42 0.000147968153492 0.000168495527383 0.000242051950508
46 0.000156521225946 0.000176193292596 0.000260013402663
50 0.000177903907087 0.000260868709908 0.00027626424033
55 0.000181325136069 0.000199286588227 0.00033442513303
60 0.000208694967927 0.000243762564999 0.0003994284837
66 0.000313042451893 0.000228367034577 0.000378901109805
72 0.000260013402666 0.000282251391049 0.000432785466277
79 0.000311331837402 0.000291659770753 0.000463576527117
86 0.000259158095417 0.000270277089612 0.000467853063348
94 0.000311331837402 0.000351531277943 0.000520882112575
103 0.000352386585188 0.00031731898812 0.000581608927011
113 0.000342978205488 0.000390020103996 0.000667139651576
124 0.0004088368634 0.000372913959087 0.000605557529887
136 0.000384888260523 0.000448180996699 0.000657731271872
149 0.000416534628613 0.000435351388013 0.000779184900747
163 0.000455023454663 0.000466997756099 0.000835635178955
179 0.000493512280716 0.000504631274907 0.000842477636922
196 0.000537132950242 0.000575621776296 0.00107512120773
215 0.000584174848747 0.000597859764682 0.00105288321934
236 0.00063292736175 0.000648322892168 0.0011683496975
259 0.000692798868943 0.00086813685429 0.00133770053213
284 0.000816818419555 0.000781750822483 0.0013240156162
312 0.000834779871713 0.000892085457171 0.00148395807113
343 0.000927153054235 0.00100926254981 0.00167811281588
377 0.000993867019393 0.00107255528599 0.00179700052302
414 0.00113071617869 0.00110420165408 0.00213313627054
455 0.00123934019889 0.00124960388583 0.00213057034881
500 0.00129750109159 0.00136421505674 0.00233242285877
550 0.00163449214635 0.00154554019282 0.00256677704407
605 0.00161482007971 0.00166015136372 0.00279514407864
665 0.00175594577523 0.00172515471439 0.00307739546969
731 0.00189022901279 0.00195950889969 0.00341010998823
804 0.00210662174593 0.00214682118648 0.00377104964588
884 0.0022580111284 0.0024247960413 0.00405672226591
972 0.002531709447 0.00255907927886 0.00451003510608
1069 0.00282336921775 0.00280540776559 0.00525244179527
1175 0.00304403848712 0.00313726697689 0.0056073943022
1292 0.00333740887236 0.0033870166926 0.00599057194823
1421 0.00366413624018 0.00376420718792 0.00705457416177
1563 0.00437575186853 0.00448266527423 0.00772855627131
1719 0.00573569038904 0.00444075521919 0.00912783892512
1890 0.00485985576954 0.00482992001594 0.00863689256614
2079 0.00539784402703 0.00536961888792 0.00966924841159
2286 0.00592214736858 0.00584859094546 0.0106981830281
2514 0.0067757439997 0.00637118367253 0.0114209176506
2765 0.00705286354728 0.0070682590777 0.0128475701363
3041 0.00780895515239 0.0083623389403 0.0138619645296
3345 0.00861893111398 0.0085872847459 0.0156418589077
3679 0.00965299757392 0.0095888495305 0.0167383627965
4046 0.0103201372255 0.0104638288428 0.0185772733746
4450 0.0113071617869 0.0114559852477 0.0201672895442
4895 0.0125747271249 0.0128603997449 0.0222850302843
5384 0.0140612511178 0.0139543377121 0.0243548738187
5922 0.0153741477398 0.0153809901977 0.0268831620367
6514 0.0168384337443 0.0168606717327 0.0300016122542
7165 0.0212124749983 0.019908986756 0.0323460094144
7881 0.0201878169181 0.0205581649554 0.0355542668926
8669 0.0220857436961 0.0224569470407 0.0395579601093
9535 0.024767131911 0.0245079738156 0.0441851723081
10488 0.0269738246047 0.0273809508536 0.04842321971
11536 0.0298553547152 0.0310724569257 0.0525962637614
12689 0.0327146468372 0.0330003194573 0.0579462105826
13957 0.0360588981675 0.0360879786139 0.0634133344966
15352 0.0393715031298 0.0402618779725 0.0703960628497
16887 0.0662178869549 0.0579983843246 0.0771966107595
18575 0.0479870130148 0.048725998475 0.0853399910449
20432 0.0527288363844 0.0537868514472 0.0963717438988
22475 0.0584226167184 0.0594353004972 0.102977281757
24722 0.0648416975967 0.0644046355942 0.112246246377
27194 0.0710734661882 0.0700009109022 0.123592752297
29913 0.0782802850397 0.0785462855931 0.140768177096
32904 0.0851740614393 0.0851586659089 0.149842986972
36194 0.0985279734649 0.0941727489703 0.164974227454
39813 0.102996098516 0.103954897938 0.184964468399
43794 0.112451520116 0.112856080443 0.20165493399
48173 0.123555974086 0.126288680736 0.223780021819
52990 0.136118726909 0.138131264858 0.248953424672
58289 0.154916669553 0.150728229972 0.279292883288
64117 0.16487928835 0.165188054266 0.297274007512
70528 0.182702180734 0.184699323153 0.326065360014
77580 0.205063333363 0.207658335546 0.36028021576
85338 0.219734418547 0.221006260421 0.398119008305
93871 0.246585934216 0.252259187176 0.442809667196
