10 0.000601280993662 0.00016165306942 0.000254881559191
11 0.000100070947736 0.000180469828823 0.000312187144647
12 8.03988810871e-05 0.000172772063613 0.000320740217103
13 4.70418985084e-05 0.000100070947736 0.000188167594034
14 5.04631274908e-05 0.000109479327438 0.000237775414279
15 5.04631274908e-05 0.000117177092648 0.000222379883858
16 5.13184347364e-05 0.000120598321631 0.000237775414279
17 5.38843564732e-05 0.000159087147683 0.0002531709447
18 5.90161999469e-05 0.00013428323756 0.000271132396857
19 5.81608927013e-05 0.000173627370858 0.000286527927278
20 5.98715071925e-05 0.000148823460736 0.000307055301173
22 0.000102636869473 0.000176193292595 0.000332714518541
24 7.1845808631e-05 0.000171916756367 0.00040113909819
26 7.1845808631e-05 0.000256592173682 0.000471274292329
28 9.32284897712e-05 0.000201852509963 0.00043620669526
30 8.03988810871e-05 0.000266855860629 0.000468708370593
33 8.55307245607e-05 0.000236920107033 0.000609834066118
36 9.40837970168e-05 0.000255736866437 0.000626084903784
39 9.83603332448e-05 0.00027455362584 0.000644901663188
42 0.000108624020192 0.000370348037348 0.0013633597495
46 0.00023948602877 0.000663718422591 0.00140184857555
50 0.000260013402665 0.000768065906555 0.000896361993396
55 0.000132572623069 0.000443049153224 0.00128125025392
60 0.000281396083805 0.000825371492011 0.00186456979542
66 0.000295080999734 0.000898927915133 0.00230590833416
72 0.000360939657646 0.000884387691958 0.00149764298706
79 0.000345544127225 0.00101097316431 0.00224347090523
86 0.000454168147417 0.00109650388887 0.00261381894258
94 0.000442193845979 0.00118374522792 0.00204675023874
103 0.00023178826356 0.00127440779595 0.00170804856948
113 0.000502065353171 0.00151988097544 0.00340070160853
124 0.000276264240331 0.0009151787528 0.00212800442707
136 0.000333569825787 0.00108367428018 0.00279257815691
149 0.00033100390405 0.00104433014689 0.00277119547577
163 0.000695364790679 0.00182351504763 0.00293883569591
179 0.000412258092383 0.00128723740464 0.00404389265723
196 0.000413968706874 0.00140013796106 0.00331260496224
215 0.000489235744487 0.00212543850533 0.00423291555851
236 0.00052772457054 0.00164304521881 0.00410461947167
259 0.00054910725168 0.00176193292595 0.00428081276426
284 0.000532001106768 0.00191075638669 0.00492400381296
312 0.000716747471819 0.00217761224732 0.00536961888792
343 0.000714181550082 0.00239229436596 0.00570404402095
377 0.000772342442783 0.00249578654268 0.00658415517668
414 0.000957088807834 0.00299272005238 0.00715122388052
455 0.000911757523817 0.00306713178275 0.00816134173758
500 0.00105373852659 0.00411659377311 0.0082348981607
550 0.00111532064827 0.00403705019927 0.0109727366539
605 0.00118631114966 0.00413797645425 0.0109077333032
665 0.0021228725836 0.00571174178616 0.0122009578586
731 0.00148823460736 0.00528836469959 0.0144966025058
804 0.00182950219835 0.00542008201541 0.0132632494576
884 0.00205017146772 0.00634039261168 0.0143768594914
972 0.00195181113448 0.00699042611835 0.0179563203143
1069 0.00225715582116 0.00795777861313 0.0190699303481
1175 0.00231531671386 0.0082947696679 0.0208643649493
1292 0.00265487369036 0.00870617245303 0.0218838911861
1421 0.00282764575398 0.0108837847003 0.0245156715808
1563 0.00350932562873 0.0109188522974 0.0277495882765
1719 0.00365900439671 0.012703878519 0.0308064563723
1890 0.00381552562265 0.0132093651012 0.0321612630493
2079 0.00416791220784 0.0147044421665 0.0361846283327
2286 0.00490860828254 0.0166502661502 0.0444691343136
2514 0.00571174178616 0.0182069253372 0.044052599685
2765 0.0058605652469 0.0199662923415 0.0478373342468
3041 0.00724445237029 0.0311323284329 0.0573842737223
3345 0.00715293449501 0.0242094715869 0.0577665960611
3679 0.00796633168558 0.0274955620245 0.0625691462451
4046 0.00805956017536 0.028176386592 0.085566647465
4450 0.0159027276176 0.0468443225347 0.0976375986223
4895 0.0127423673451 0.0446821058178 0.111294289413
5384 0.0181231052272 0.0519222816518 0.11936582389
5922 0.0138816365962 0.0518016833302 0.123357542805
6514 0.0145795673086 0.0538843564732 0.134229353204
7165 0.0196592370403 0.0858617284648 0.168733302799
7881 0.0174097789843 0.0746623353908 0.17774738586
8669 0.0191400655422 0.0687025545034 0.204606599294
9535 0.0219856727483 0.08001912467 0.171376202188
10488 0.0214767649372 0.0726352572187 0.177442896481
11536 0.0245011313577 0.0854682871318 0.196746325707
12689 0.0277436011258 0.0909174495935 0.220391294512
13957 0.0303599859901 0.10029332762 0.235440425498
15352 0.0304532144798 0.113369264791 0.259289812735
16887 0.0351266132698 0.120103954043 0.306765352017
18575 0.0387548266057 0.133282528083 0.325718105272
20432 0.0424719918951 0.143778003294 0.405799667371
22475 0.0582814910229 0.205192484757 0.386179774464
24722 0.0528485793988 0.180880376301 0.425567528431
27194 0.0556154983384 0.19291027271 0.4777515341
29913 0.0635441965051 0.217060728097 0.515816127759
32904 0.0683860908225 0.275266096775 0.603887970146
36194 0.073889992948 0.269073672317 0.627927235591
39813 0.0947988338741 0.291052502608 0.687590903123
43794 0.0910081121616 0.318692611557 0.768441386436
48173 0.107428300663 0.352998129871 0.837830752658
52990 0.114676174262 0.38950349842 0.918823216973
58289 0.124819262888 0.424597610015 1.02253435235
64117 0.140313153642 0.464580657825 1.11594416725
70528 0.159543881752 0.511023841262 1.24580204513
77580 0.177196567994 0.567185025623 1.42250852207
85338 0.189149486752 0.621791261411 1.4861271303
93871 0.20788071543 0.699219660434 1.62778824816
