100 0.511868457167 0.155524793005 0.0561167083843 0.0864933728656
110 0.510685567246 0.172791308026 0.0646235942491 0.0952504360998
121 0.524815242944 0.194534073516 0.0688291399757 0.114768975098
133 0.527934976122 0.207907657609 0.0757417331347 0.114552582365
146 0.625803507701 0.35801493452 0.0916025506973 0.135481523011
160 0.554385780346 0.247818004303 0.0957366782689 0.149983685014
176 0.547747740813 0.275803657379 0.0992011002672 0.156179530701
193 0.563005139114 0.303444193982 0.108833142814 0.170190746345
212 0.572905748135 0.330534768026 0.119605309918 0.185441729842
233 0.588524941401 0.362155476896 0.137158352866 0.205385356541
256 0.599298391466 0.390779189177 0.148122964101 0.229829182313
281 0.610531141523 0.431549974961 0.157527494921 0.251072448373
309 0.625658533122 0.470489547932 0.175435918029 0.291421995338
339 0.628669214627 0.531936103417 0.192255962668 0.299062027309
372 0.657729133604 0.574951215413 0.211591893569 0.325973414485
409 0.681001188449 0.625506716086 0.229842011922 0.359338522482
449 0.707447288484 0.693784182889 0.253344144417 0.3916494643
493 0.745977169284 0.760324520675 0.279836858696 0.432120464894
542 0.750098467247 0.839270234752 0.307122015138 0.483431629519
596 0.784046039478 0.922955206277 0.338553273453 0.523067422587
655 0.822033655485 1.00232729102 0.377561698657 0.574137390569
720 0.862435376192 1.11511665749 0.410864369226 0.630414041408
792 0.902148574566 1.21744818228 0.455016612205 0.699457863502
871 0.942291992485 1.35917387584 0.489012081642 0.776931593809
958 0.998499791091 1.47507784365 0.594672034575 0.849533066392
1053 1.04042053747 1.61774480283 0.596471173366 0.937060933371
1158 1.10783414395 1.80456999214 0.655196996503 1.05885454688
1273 1.17216736139 1.9945401462 0.767053222776 1.17826142551
1400 1.31246255358 2.28963611381 0.844788249447 1.30181483368
1540 1.40045100351 2.51107173847 0.923993549273 1.43706927262
1694 1.49585796084 2.82447769594 1.02663512294 1.57777586759
1863 1.58544284174 3.04590091864 1.13244005045 1.74725628127
2049 1.70765512814 3.34395496636 1.23255547416 1.9127885967
2253 1.82175824655 3.68745405396 1.35723831554 2.09820381202
2478 1.95039389037 4.05384287407 1.49005470117 2.30539728808
2725 2.14505155578 4.45325425163 1.66840165741 2.57925725974
2997 2.24672107276 4.87897402475 1.82246301972 2.78352344675
3296 2.43755508713 5.37990395755 1.98385864166 3.06603656182
3625 2.70007625064 5.92478641909 2.19015062388 3.3515261461
3987 2.85222728422 7.15638480444 2.45948602022 3.79133539548
4385 3.08808766557 7.14861989761 2.6303062727 4.08801026027
4823 3.33237325095 7.88642931035 2.90271093908 4.5869019959
5305 3.64403438164 8.70884870941 3.1974776134 5.00116621143
5835 3.98902854631 14.2984333765 6.8410881903 6.15896056221
6418 4.28506449658 10.4258857027 3.87222479527 5.88443601682
7059 4.71723799052 11.4431192884 4.23255376354 6.51145919265
7764 5.06894802768 12.5172385037 4.64774898101 7.08597890556
8540 5.58225211806 14.1682556137 5.12913514325 7.89658266267
9394 6.06132852309 15.1265046458 5.63621644576 8.65432800434
