10 0.000053
11 0.000030
12 0.000034
13 0.000041
14 0.000039
15 0.000038
16 0.000035
17 0.000041
18 0.000044
19 0.000038
20 0.000047
22 0.000062
24 0.000042
26 0.000062
28 0.000065
30 0.000071
33 0.000076
36 0.000082
39 0.000104
42 0.000090
46 0.000110
50 0.000114
55 0.000121
60 0.000129
66 0.000105
72 0.000156
79 0.000157
86 0.000186
94 0.000237
103 0.000233
113 0.000231
124 0.000337
136 0.000322
149 0.000365
163 0.000413
179 0.000482
196 0.000460
215 0.000485
236 0.000532
259 0.000610
284 0.000644
312 0.000776
343 0.000821
377 0.000972
414 0.000933
455 0.001211
500 0.001271
550 0.001300
605 0.001474
665 0.001585
731 0.001782
804 0.002442
884 0.002264
972 0.002402
1069 0.002700
1175 0.003261
1292 0.003463
1421 0.005811
1563 0.004552
1719 0.005427
1890 0.007132
