10 0.000053
11 0.000031
12 0.000033
13 0.000032
14 0.000032
15 0.000034
16 0.000035
17 0.000038
18 0.000038
19 0.000050
20 0.000035
22 0.000037
24 0.000041
26 0.000041
28 0.000046
30 0.000055
33 0.000047
36 0.000059
39 0.000054
42 0.000058
46 0.000064
50 0.000072
55 0.000078
60 0.000089
66 0.000094
72 0.000112
79 0.000114
86 0.000119
94 0.000138
103 0.000176
113 0.000154
124 0.000164
136 0.000198
149 0.000210
163 0.000204
179 0.000243
196 0.000237
215 0.000257
236 0.000307
259 0.000338
284 0.000354
312 0.000392
343 0.000420
377 0.000469
414 0.000540
455 0.000526
500 0.000672
550 0.000625
605 0.000681
665 0.000790
731 0.000920
804 0.000994
884 0.001148
972 0.001207
1069 0.001343
1175 0.001430
1292 0.001555
1421 0.001844
1563 0.002013
1719 0.002168
1890 0.002453
