10 0.000130
11 0.000192
12 0.000136
13 0.000133
14 0.000166
15 0.000178
16 0.000176
17 0.000171
18 0.000214
19 0.000207
20 0.000233
22 0.000254
24 0.000362
26 0.000323
28 0.000324
30 0.000313
33 0.000340
36 0.000421
39 0.000430
42 0.000451
46 0.000528
50 0.000535
55 0.000633
60 0.000715
66 0.000773
72 0.000813
79 0.000851
86 0.000963
94 0.001126
103 0.001411
113 0.001298
124 0.001431
136 0.001526
149 0.001675
163 0.001951
179 0.002175
196 0.002294
215 0.002780
236 0.002850
259 0.003616
284 0.003894
312 0.004164
343 0.004738
377 0.004852
414 0.005209
455 0.006594
500 0.007971
550 0.008542
605 0.008495
665 0.010003
731 0.010160
804 0.012830
884 0.012515
972 0.013738
1069 0.020924
1175 0.023728
1292 0.019812
1421 0.023313
1563 0.027550
1719 0.033050
1890 0.034081
