10 0.000053
11 0.000031
12 0.000034
13 0.000036
14 0.000029
15 0.000055
16 0.000037
17 0.000043
18 0.000043
19 0.000038
20 0.000048
22 0.000051
24 0.000049
26 0.000069
28 0.000068
30 0.000068
33 0.000075
36 0.000083
39 0.000090
42 0.000092
46 0.000102
50 0.000106
55 0.000120
60 0.000131
66 0.000115
72 0.000156
79 0.000158
86 0.000186
94 0.000234
103 0.000253
113 0.000232
124 0.000429
136 0.000327
149 0.000349
163 0.000409
179 0.000381
196 0.000499
215 0.000455
236 0.000548
259 0.000582
284 0.000630
312 0.000703
343 0.000771
377 0.000882
414 0.000916
455 0.001100
500 0.001170
550 0.001337
605 0.001439
665 0.001543
731 0.001632
804 0.002244
884 0.002152
972 0.002743
1069 0.002766
1175 0.002954
1292 0.003193
1421 0.003531
1563 0.004485
1719 0.004411
1890 0.005161
