10 0.000031
11 0.000024
12 0.000024
13 0.000028
14 0.000038
15 0.000024
16 0.000025
17 0.000027
18 0.000027
19 0.000030
20 0.000030
22 0.000033
24 0.000034
26 0.000035
28 0.000040
30 0.000042
33 0.000050
36 0.000052
39 0.000055
42 0.000057
46 0.000064
50 0.000071
55 0.000103
60 0.000096
66 0.000102
72 0.000130
79 0.000114
86 0.000123
94 0.000157
103 0.000143
113 0.000158
124 0.000170
136 0.000210
149 0.000197
163 0.000223
179 0.000227
196 0.000263
215 0.000266
236 0.000289
259 0.000324
284 0.000343
312 0.000387
343 0.000446
377 0.000477
414 0.000530
455 0.000668
500 0.000595
550 0.000676
605 0.000786
665 0.001499
731 0.000996
804 0.001008
884 0.001097
972 0.001189
1069 0.001313
1175 0.001677
1292 0.001638
1421 0.001830
1563 0.002057
1719 0.002207
1890 0.002480
