10 0.000116
11 0.000118
12 0.000151
13 0.000135
14 0.000145
15 0.000157
16 0.000165
17 0.000201
18 0.000201
19 0.000202
20 0.000230
22 0.000262
24 0.000250
26 0.000284
28 0.000334
30 0.000322
33 0.000356
36 0.000396
39 0.000449
42 0.000479
46 0.000524
50 0.000542
55 0.000613
60 0.000679
66 0.000748
72 0.000919
79 0.000981
86 0.001059
94 0.001134
103 0.001238
113 0.001414
124 0.001478
136 0.001853
149 0.002081
163 0.002575
179 0.002758
196 0.002760
215 0.002764
236 0.003269
259 0.003789
284 0.003830
312 0.004757
343 0.005146
377 0.005344
414 0.005706
455 0.006075
500 0.007605
550 0.007257
605 0.008084
665 0.009803
731 0.010245
804 0.012485
884 0.016911
972 0.024714
1069 0.017162
1175 0.019982
1292 0.021842
1421 0.023530
1563 0.042020
1719 0.029880
1890 0.034636
