3	0.000080
4	0.000080
5	0.000102
6	0.000117
7	0.000127
8	0.000144
9	0.000288
10	0.000181
11	0.000200
12	0.000218
13	0.000303
14	0.000268
15	0.000283
16	0.000368
17	0.000391
18	0.000357
19	0.000396
20	0.000397
21	0.000434
22	0.000450
23	0.001352
24	0.000503
25	0.000617
26	0.001146
27	0.000598
28	0.000625
29	0.000659
30	0.000694
31	0.000708
32	0.002413
33	0.000786
34	0.000968
35	0.000844
36	0.001209
37	0.001579
38	0.001657
39	0.001746
40	0.001435
41	0.001132
42	0.001195
43	0.001188
44	0.001372
45	0.001264
46	0.001270
47	0.001337
48	0.001360
49	0.001462
50	0.001560
51	0.001696
52	0.001538
53	0.001615
54	0.001658
55	0.001960
56	0.001734
57	0.001923
58	0.001994
59	0.002013
60	0.001961
61	0.002009
62	0.002036
63	0.002167
64	0.002104
65	0.002212
66	0.002208
67	0.002393
68	0.002389
69	0.002391
70	0.002474
71	0.002508
72	0.002567
73	0.003392
74	0.003244
75	0.002855
76	0.003094
77	0.002884
78	0.002937
79	0.002979
80	0.003105
81	0.003586
82	0.003885
83	0.003173
84	0.003551
85	0.003454
86	0.003495
87	0.003465
88	0.003644
89	0.003694
90	0.003677
91	0.003952
92	0.003832
93	0.004712
94	0.003996
95	0.004234
96	0.004109
97	0.004395
98	0.004358
99	0.004533
100	0.004513
101	0.004662
102	0.004726
103	0.004601
104	0.005515
105	0.004795
106	0.005081
107	0.005176
108	0.005151
109	0.005108
110	0.005929
111	0.005592
112	0.005732
113	0.005470
114	0.005590
115	0.005552
116	0.006196
117	0.006089
118	0.006081
119	0.005972
120	0.006001
121	0.006193
122	0.006433
123	0.006278
124	0.006538
125	0.006534
126	0.006867
127	0.006824
128	0.007656
129	0.008265
130	0.009233
131	0.010095
132	0.009794
133	0.011002
134	0.009541
135	0.009523
136	0.009653
137	0.010232
138	0.008097
139	0.008284
140	0.008333
141	0.008729
142	0.008507
143	0.008612
144	0.008240
145	0.008731
146	0.008803
147	0.008849
148	0.009058
149	0.009594
150	0.009265
151	0.009312
152	0.009218
153	0.009704
154	0.009495
155	0.009902
156	0.009885
157	0.015113
158	0.013865
159	0.010569
160	0.010153
161	0.011882
162	0.012670
163	0.012044
164	0.012247
165	0.014489
166	0.013545
167	0.014020
168	0.013832
169	0.011473
170	0.012043
171	0.011742
172	0.012805
173	0.012308
174	0.012221
175	0.012621
176	0.012294
177	0.011914
178	0.012632
179	0.012630
180	0.012394
181	0.013435
182	0.012698
183	0.012646
184	0.013525
185	0.013086
186	0.013206
187	0.013726
188	0.013399
189	0.014004
190	0.014235
191	0.013807
192	0.014549
193	0.014252
194	0.014433
195	0.018326
196	0.015209
197	0.015158
198	0.021428
199	0.018048
200	0.015351
201	0.015746
202	0.015551
203	0.015589
204	0.015722
205	0.019475
206	0.023630
207	0.021422
208	0.026769
209	0.018805
210	0.016682
211	0.019770
212	0.021164
213	0.026318
214	0.019884
215	0.018373
216	0.017696
217	0.017699
218	0.017682
219	0.018470
220	0.018160
221	0.021276
222	0.024366
223	0.019538
224	0.022263
225	0.020151
226	0.021037
227	0.019827
228	0.019286
229	0.019522
230	0.019451
231	0.020883
232	0.020528
233	0.020641
234	0.021590
235	0.021314
236	0.021591
237	0.021158
238	0.022503
239	0.021224
240	0.021784
241	0.021833
242	0.021366
243	0.022034
244	0.021656
245	0.023306
246	0.030422
247	0.023978
248	0.022532
249	0.023309
250	0.022953
251	0.024317
252	0.024438
253	0.024233
254	0.024195
255	0.023803
256	0.024399
257	0.028884
258	0.027033
259	0.024433
260	0.024681
261	0.025243
262	0.024685
263	0.024906
264	0.025021
265	0.025615
266	0.032623
267	0.032027
268	0.026861
269	0.026267
270	0.027285
271	0.030865
272	0.027762
273	0.026825
274	0.027913
275	0.028031
276	0.028644
277	0.028172
278	0.028721
279	0.028638
280	0.027958
281	0.028136
282	0.028690
283	0.028829
284	0.028887
285	0.028984
286	0.029396
287	0.029491
288	0.032300
289	0.040067
290	0.037908
291	0.035978
292	0.041423
293	0.038406
294	0.033072
295	0.039205
296	0.038745
297	0.051632
298	0.041767
299	0.041443
